[gd_scene load_steps=9 format=3 uid="uid://bkqt0ooofywft"]

[ext_resource type="PackedScene" uid="uid://b8ck238kivi8k" path="res://player.tscn" id="1_bc8hh"]
[ext_resource type="PackedScene" uid="uid://ofxivlcp3fut" path="res://addons/assets/StylooVillageFREEPack/gltf/house7.glb" id="2_hp17q"]
[ext_resource type="PackedScene" uid="uid://c3fssr3530i4c" path="res://addons/assets/StylooVillageFREEPack/gltf/cart.glb" id="3_s1xry"]
[ext_resource type="PackedScene" uid="uid://b1jw188rarro4" path="res://addons/assets/StylooVillageFREEPack/gltf/bench_001.glb" id="4_0yqk5"]

[sub_resource type="ProceduralSkyMaterial" id="ProceduralSkyMaterial_bc8hh"]
sky_top_color = Color(0.329859, 0.438094, 0.698075, 1)
sky_horizon_color = Color(0.627901, 0.659306, 0.734773, 1)
ground_bottom_color = Color(0.156935, 0.174322, 0.216206, 1)
ground_horizon_color = Color(0.627901, 0.659306, 0.734773, 1)

[sub_resource type="Sky" id="Sky_r6dh1"]
sky_material = SubResource("ProceduralSkyMaterial_bc8hh")

[sub_resource type="Environment" id="Environment_h8l20"]
background_mode = 2
sky = SubResource("Sky_r6dh1")
tonemap_mode = 2

[sub_resource type="StandardMaterial3D" id="StandardMaterial3D_aw23n"]
albedo_color = Color(0.181856, 0.266558, 4.81308e-08, 1)

[node name="Jeu" type="Node3D"]

[node name="WorldEnvironment" type="WorldEnvironment" parent="."]
environment = SubResource("Environment_h8l20")

[node name="DirectionalLight3D" type="DirectionalLight3D" parent="."]
transform = Transform3D(-0.0975829, -0.886754, 0.451824, 0, 0.453991, 0.891006, -0.995227, 0.086947, -0.0443018, 0, 23.2255, 0)
light_energy = 1.5
shadow_enabled = true

[node name="Player" parent="." instance=ExtResource("1_bc8hh")]
transform = Transform3D(1, 0, 0, 0, 1, 0, 0, 0, 1, 0, 1.20641, 0)

[node name="Terrain de base" type="CSGBox3D" parent="."]
transform = Transform3D(750, 0, 0, 0, 1, 0, 0, 0, 750, 0, 0, 0)
material_overlay = SubResource("StandardMaterial3D_aw23n")

[node name="house72" parent="." instance=ExtResource("2_hp17q")]
transform = Transform3D(-0.102093, 0, 1.99739, 0, 2, 0, -1.99739, 0, -0.102093, -5.8002, 2.49842, 0.748131)

[node name="cart2" parent="." instance=ExtResource("3_s1xry")]
transform = Transform3D(0.68284, 0, 0.730568, 0, 1, 0, -0.730568, 0, 0.68284, 3.66807, 1.7263, 8.07697)

[node name="bench_0012" parent="." instance=ExtResource("4_0yqk5")]
transform = Transform3D(-0.0792421, 0, 0.996855, 0, 1, 0, -0.996855, 0, -0.0792421, -1.27459, 1.05773, -3.33056)
