[gd_scene load_steps=18 format=3 uid="uid://dwwrtn6cc1sga"]

[ext_resource type="PackedScene" uid="uid://cj07ichvcj4q6" path="res://scene/player.tscn" id="1_322si"]
[ext_resource type="PackedScene" uid="uid://ofxivlcp3fut" path="res://addons/assets/StylooVillageFREEPack/gltf/house7.glb" id="2_nc8l6"]
[ext_resource type="PackedScene" uid="uid://c3fssr3530i4c" path="res://addons/assets/StylooVillageFREEPack/gltf/cart.glb" id="3_80opa"]
[ext_resource type="PackedScene" uid="uid://b1jw188rarro4" path="res://addons/assets/StylooVillageFREEPack/gltf/bench_001.glb" id="4_74b5l"]
[ext_resource type="PackedScene" uid="uid://dii1kpg3bm5nq" path="res://addons/assets/Ultimate Nature Pack by Quaternius/FBX/CommonTree_2.fbx" id="5_gl3p0"]
[ext_resource type="PackedScene" uid="uid://37y3idecyid5" path="res://addons/assets/Ultimate Nature Pack by Quaternius/FBX/CommonTree_1.fbx" id="6_pwdmj"]
[ext_resource type="PackedScene" uid="uid://d2081qkc8ar18" path="res://addons/assets/Ultimate Nature Pack by Quaternius/FBX/CommonTree_5.fbx" id="7_4vrmp"]
[ext_resource type="PackedScene" uid="uid://bvd1xwpff8s25" path="res://addons/assets/Ultimate Nature Pack by Quaternius/FBX/Plant_4.fbx" id="8_owqt4"]
[ext_resource type="PackedScene" uid="uid://7q0q4buggb0d" path="res://addons/assets/Ultimate Nature Pack by Quaternius/FBX/Rock_7.fbx" id="9_7i66n"]
[ext_resource type="PackedScene" uid="uid://b0a15kykoed5m" path="res://addons/assets/Ultimate Nature Pack by Quaternius/FBX/Rock_1.fbx" id="10_w1hm1"]
[ext_resource type="PackedScene" uid="uid://2ywe2c6rwqrk" path="res://addons/assets/Ultimate Nature Pack by Quaternius/FBX/WoodLog.fbx" id="11_fcrjq"]
[ext_resource type="PackedScene" uid="uid://bgtquuxtag332" path="res://addons/assets/Ultimate Nature Pack by Quaternius/FBX/Grass_2.fbx" id="12_ugh2x"]
[ext_resource type="PackedScene" uid="uid://dps1ts5sg0xvu" path="res://addons/assets/Ultimate Nature Pack by Quaternius/FBX/Flowers.fbx" id="13_w1hm1"]

[sub_resource type="ProceduralSkyMaterial" id="ProceduralSkyMaterial_bc8hh"]
sky_top_color = Color(0.329859, 0.438094, 0.698075, 1)
sky_horizon_color = Color(0.627901, 0.659306, 0.734773, 1)
ground_bottom_color = Color(0.156935, 0.174322, 0.216206, 1)
ground_horizon_color = Color(0.627901, 0.659306, 0.734773, 1)

[sub_resource type="Sky" id="Sky_r6dh1"]
sky_material = SubResource("ProceduralSkyMaterial_bc8hh")

[sub_resource type="Environment" id="Environment_h8l20"]
background_mode = 2
sky = SubResource("Sky_r6dh1")
tonemap_mode = 2

[sub_resource type="StandardMaterial3D" id="StandardMaterial3D_aw23n"]
albedo_color = Color(0.181856, 0.266558, 4.81308e-08, 1)

[node name="Jeu" type="Node3D"]
transform = Transform3D(0.999821, -0.0154088, -0.0110217, 0.0154228, 0.99988, 0.00119482, 0.011002, -0.0013646, 0.999939, 0, 0, 0)

[node name="WorldEnvironment" type="WorldEnvironment" parent="."]
environment = SubResource("Environment_h8l20")

[node name="DirectionalLight3D" type="DirectionalLight3D" parent="."]
transform = Transform3D(-0.0975829, -0.886754, 0.451824, 0, 0.453991, 0.891006, -0.995227, 0.086947, -0.0443018, 0, 23.2255, 0)
light_energy = 1.5
shadow_enabled = true

[node name="Player" parent="." instance=ExtResource("1_322si")]
transform = Transform3D(1, 0, 0, 0, 1, 0, 0, 0, 1, 0, 1.20641, 0)

[node name="Terrain de base" type="CSGBox3D" parent="."]
transform = Transform3D(999.998, 0.00150539, 1.33145, -1.50617, 0.999999, 0.579913, -1.33057, -0.000581917, 999.999, 0, 0, 0)
material_overlay = SubResource("StandardMaterial3D_aw23n")
size = Vector3(500, 1, 500)

[node name="house72" parent="." instance=ExtResource("2_nc8l6")]
transform = Transform3D(-0.103136, 0.0032004, 1.99733, 0.00340727, 1.99999, -0.00302871, -1.99733, 0.00324655, -0.103141, -5.8002, 2.38509, 0.748131)

[node name="cart2" parent="house72" instance=ExtResource("3_80opa")]
transform = Transform3D(0.34738, 0, -0.359622, 0, 0.5, 0, 0.359622, 0, 0.34738, -3.90131, -0.38606, 4.54091)

[node name="bench_0012" parent="house72" instance=ExtResource("4_74b5l")]
transform = Transform3D(0.499801, 1.45519e-11, 0.0141264, 2.91038e-11, 0.5, 4.54747e-10, -0.0141264, -3.2469e-10, 0.499801, 2.20433, -0.720423, 2.37546)

[node name="CommonTree_2" parent="." instance=ExtResource("5_gl3p0")]
transform = Transform3D(1.99964, 0.0308456, 0.022004, -0.0308174, 1.99976, -0.0027292, -0.0220435, 0.00238966, 1.99988, -5.5773, 0.519629, 15.4024)

[node name="CommonTree_1" parent="." instance=ExtResource("6_pwdmj")]
transform = Transform3D(2.76287, 0.0462684, -1.16808, -0.0440122, 2.99964, 0.0147152, 1.16817, 0.00358447, 2.76322, 5.82675, 1.20327, -10.7235)

[node name="CommonTree_5" parent="." instance=ExtResource("7_4vrmp")]
transform = Transform3D(2.49955, 0.038557, 0.027505, -0.0385218, 2.4997, -0.0034115, -0.0275543, 0.00298707, 2.49985, -16.4314, 0.265845, -6.46519)

[node name="Plant_4" parent="." instance=ExtResource("8_owqt4")]
transform = Transform3D(0.882617, 0.0154229, 0.469838, -0.0130525, 0.999881, -0.0083019, -0.46991, 0.00119479, 0.882713, -0.200025, 0.337544, 2.7632)

[node name="Plant_5" parent="." instance=ExtResource("8_owqt4")]
transform = Transform3D(0.99982, 0.0154229, 0.011002, -0.0154087, 0.999881, -0.00136459, -0.0110217, 0.00119483, 0.999938, -0.713028, 0.35084, -1.74123)

[node name="Rock_7" parent="." instance=ExtResource("9_7i66n")]
transform = Transform3D(0.99982, 0.0154229, 0.011002, -0.0154087, 0.999881, -0.00136459, -0.0110217, 0.00119483, 0.999938, 4.87634, 0.698425, 9.08874)

[node name="Rock_1" parent="." instance=ExtResource("10_w1hm1")]
transform = Transform3D(1.99964, 0.0308456, 0.022004, -0.0308174, 1.99976, -0.0027292, -0.0220435, 0.00238966, 1.99988, 4.5839, 0.360114, 10.0051)

[node name="WoodLog" parent="." instance=ExtResource("11_fcrjq")]
transform = Transform3D(0.79578, -0.287396, -0.533045, 0.144056, 0.944786, -0.294327, 0.588202, 0.157431, 0.793243, 3.57852, 1.63677, 8.28392)

[node name="Grass_2" parent="." instance=ExtResource("12_ugh2x")]
transform = Transform3D(0.49991, 0.0077114, 0.005501, -0.00770435, 0.49994, -0.0006823, -0.00551087, 0.000597415, 0.499969, -10.7139, 0.242171, 1.72929)

[node name="Grass_4" parent="." instance=ExtResource("12_ugh2x")]
transform = Transform3D(0.49991, 0.0077114, 0.005501, -0.00770435, 0.49994, -0.000682301, -0.00551087, 0.000597415, 0.499969, -10.1536, 0.241504, -4.94563)

[node name="Grass_5" parent="." instance=ExtResource("12_ugh2x")]
transform = Transform3D(-0.00927952, 0.0077114, -0.499854, -0.000454244, 0.49994, 0.00772115, 0.499914, 0.00059741, -0.00927136, -7.67683, 0.203334, -4.97293)

[node name="Grass_6" parent="." instance=ExtResource("12_ugh2x")]
transform = Transform3D(-0.00927952, 0.0077114, -0.499854, -0.000454244, 0.49994, 0.00772115, 0.499914, 0.00059741, -0.00927136, -7.5042, 0.200673, -4.97483)

[node name="Grass_7" parent="." instance=ExtResource("12_ugh2x")]
transform = Transform3D(-0.00927952, 0.0077114, -0.499854, -0.000454244, 0.49994, 0.00772115, 0.499914, 0.00059741, -0.00927136, -7.28182, 0.197246, -4.97728)

[node name="Grass_8" parent="." instance=ExtResource("12_ugh2x")]
transform = Transform3D(-0.00927952, 0.0077114, -0.499854, -0.000454244, 0.49994, 0.00772115, 0.499914, 0.00059741, -0.00927136, -7.03986, 0.193517, -4.97995)

[node name="Grass_3" parent="." instance=ExtResource("12_ugh2x")]
transform = Transform3D(-0.488359, 0.0077114, 0.106985, 0.00766062, 0.49994, -0.00106656, -0.106988, 0.000597406, -0.488419, -10.6854, 0.240126, 3.07278)

[node name="Grass_9" parent="." instance=ExtResource("12_ugh2x")]
transform = Transform3D(-0.40478, 0.00771141, 0.293417, 0.00659425, 0.49994, -0.00404209, -0.293444, 0.000597406, -0.404834, -10.698, 0.239164, 4.04058)

[node name="Grass_10" parent="." instance=ExtResource("12_ugh2x")]
transform = Transform3D(-0.40478, 0.00771141, 0.293417, 0.00659425, 0.49994, -0.00404209, -0.293444, 0.000597406, -0.404834, -10.964, 0.250373, -1.90587)

[node name="Grass_11" parent="." instance=ExtResource("12_ugh2x")]
transform = Transform3D(0.330221, 0.00771141, 0.37536, -0.00464493, 0.49994, -0.00618444, -0.37541, 0.000597412, 0.330253, -9.7484, 0.221124, 6.87937)

[node name="Grass_12" parent="." instance=ExtResource("12_ugh2x")]
transform = Transform3D(-0.480372, 0.00771141, 0.138503, 0.0075751, 0.49994, -0.00156226, -0.13851, 0.000597405, -0.480432, -8.56346, 0.20297, 6.77613)

[node name="Grass_13" parent="." instance=ExtResource("12_ugh2x")]
transform = Transform3D(-0.480372, 0.00771141, 0.138503, 0.0075751, 0.49994, -0.00156226, -0.13851, 0.000597405, -0.480432, -5.94545, 0.162653, 6.72193)

[node name="Grass_15" parent="." instance=ExtResource("12_ugh2x")]
transform = Transform3D(-0.0870326, 0.00771141, 0.492307, 0.00193081, 0.49994, -0.00748964, -0.492364, 0.000597407, -0.0870521, -5.59828, 0.157302, 6.71811)

[node name="Grass_16" parent="." instance=ExtResource("12_ugh2x")]
transform = Transform3D(-0.0870326, 0.00771141, 0.492307, 0.00193081, 0.49994, -0.00748964, -0.492364, 0.000597407, -0.0870521, -5.38022, 0.153942, 6.7157)

[node name="Grass_17" parent="." instance=ExtResource("12_ugh2x")]
transform = Transform3D(0.396218, 0.00771141, 0.304881, -0.00574715, 0.49994, -0.00517619, -0.304924, 0.000597413, 0.396259, -4.32045, 0.137751, 6.58489)

[node name="Grass_18" parent="." instance=ExtResource("12_ugh2x")]
transform = Transform3D(0.270869, 0.0077114, -0.420203, -0.00468025, 0.49994, 0.00615776, 0.420248, 0.000597416, 0.270909, -4.02817, 0.133247, 6.58167)

[node name="Grass_14" parent="." instance=ExtResource("12_ugh2x")]
transform = Transform3D(0.31333, 0.00771141, 0.389571, -0.00436741, 0.49994, -0.00638344, -0.389622, 0.000597413, 0.31336, -5.16066, 0.150595, 6.68249)

[node name="Flowers" parent="." instance=ExtResource("13_w1hm1")]
transform = Transform3D(0.99982, 0.0154229, 0.011002, -0.0154087, 0.999881, -0.00136459, -0.0110217, 0.00119483, 0.999938, -3.43429, 0.0593116, -5.30468)

[node name="Flowers11" parent="." instance=ExtResource("13_w1hm1")]
transform = Transform3D(-0.965169, 0.0154227, -0.261172, 0.0145752, 0.999881, 0.00518196, 0.261221, 0.00119483, -0.965278, -2.18631, 0.0401862, -5.40869)

[node name="Flowers2" parent="." instance=ExtResource("13_w1hm1")]
transform = Transform3D(0.308606, 0.0154228, -0.951064, -0.00589675, 0.999881, 0.014301, 0.951171, 0.0011949, 0.30866, -4.19379, 0.0710166, -5.29631)

[node name="Flowers3" parent="." instance=ExtResource("13_w1hm1")]
transform = Transform3D(-0.554975, 0.0154228, -0.831724, 0.00756628, 0.999881, 0.0134923, 0.831832, 0.00119489, -0.555025, -5.57832, 0.0923543, -5.28105)

[node name="Flowers4" parent="." instance=ExtResource("13_w1hm1")]
transform = Transform3D(0.698601, 0.0154229, 0.715344, -0.00992075, 0.999881, -0.0118688, -0.715442, 0.00119476, 0.69867, -5.85606, 0.0966346, -5.27799)

[node name="Flowers5" parent="." instance=ExtResource("13_w1hm1")]
transform = Transform3D(0.698601, 0.0154229, 0.715344, -0.00992075, 0.999881, -0.0118688, -0.715442, 0.00119476, 0.69867, -8.60595, 0.138972, -5.21248)

[node name="Flowers6" parent="." instance=ExtResource("13_w1hm1")]
transform = Transform3D(-0.780288, 0.0154227, -0.625228, 0.0112884, 0.999881, 0.0105764, 0.625317, 0.00119487, -0.780369, -9.50832, 0.152879, -5.20253)

[node name="Flowers7" parent="." instance=ExtResource("13_w1hm1")]
transform = Transform3D(0.485889, 0.0154229, 0.873883, -0.00645028, 0.999881, -0.01406, -0.873996, 0.00119475, 0.485931, -10.7266, 0.17151, -5.06714)

[node name="Flowers8" parent="." instance=ExtResource("13_w1hm1")]
transform = Transform3D(0.485889, 0.0154229, 0.873883, -0.00645028, 0.999881, -0.01406, -0.873996, 0.00119475, 0.485931, -7.01459, 0.0999879, 6.87025)

[node name="Flowers9" parent="." instance=ExtResource("13_w1hm1")]
transform = Transform3D(-0.999001, 0.0154227, -0.0419305, 0.0153591, 0.999881, 0.00184068, 0.0419546, 0.00119481, -0.999118, -2.73759, 0.0344477, 6.50963)

[node name="Flowers10" parent="." instance=ExtResource("13_w1hm1")]
transform = Transform3D(-0.999001, 0.0154227, -0.0419305, 0.0153591, 0.999881, 0.00184068, 0.0419546, 0.00119481, -0.999118, -1.39187, 0.0161358, 4.46316)
