[gd_scene load_steps=24 format=3 uid="uid://dwwrtn6cc1sga"]

[ext_resource type="PackedScene" uid="uid://cj07ichvcj4q6" path="res://scene/player.tscn" id="1_322si"]
[ext_resource type="PackedScene" uid="uid://ofxivlcp3fut" path="res://addons/assets/StylooVillageFREEPack/gltf/house7.glb" id="2_nc8l6"]
[ext_resource type="PackedScene" uid="uid://c3fssr3530i4c" path="res://addons/assets/StylooVillageFREEPack/gltf/cart.glb" id="3_80opa"]
[ext_resource type="PackedScene" uid="uid://b1jw188rarro4" path="res://addons/assets/StylooVillageFREEPack/gltf/bench_001.glb" id="4_74b5l"]
[ext_resource type="PackedScene" uid="uid://bvd1xwpff8s25" path="res://addons/assets/Ultimate Nature Pack by Quaternius/FBX/Plant_4.fbx" id="8_owqt4"]
[ext_resource type="PackedScene" uid="uid://7q0q4buggb0d" path="res://addons/assets/assets_perso/asset_origin/Rock_7.fbx" id="9_7i66n"]
[ext_resource type="PackedScene" uid="uid://b0a15kykoed5m" path="res://addons/assets/Ultimate Nature Pack by Quaternius/FBX/Rock_1.fbx" id="10_w1hm1"]
[ext_resource type="PackedScene" uid="uid://2ywe2c6rwqrk" path="res://addons/assets/Ultimate Nature Pack by Quaternius/FBX/WoodLog.fbx" id="11_fcrjq"]
[ext_resource type="PackedScene" uid="uid://bgtquuxtag332" path="res://addons/assets/Ultimate Nature Pack by Quaternius/FBX/Grass_2.fbx" id="12_ugh2x"]
[ext_resource type="PackedScene" uid="uid://ci6ijdeyp3std" path="res://addons/assets/assets_perso/cb_arbre/arbre4.tscn" id="13_fcrjq"]
[ext_resource type="PackedScene" uid="uid://dps1ts5sg0xvu" path="res://addons/assets/Ultimate Nature Pack by Quaternius/FBX/Flowers.fbx" id="13_w1hm1"]
[ext_resource type="PackedScene" uid="uid://dnffnvb5ntofx" path="res://addons/assets/assets_perso/cb_arbre/arbre.tscn" id="14_fcrjq"]
[ext_resource type="PackedScene" uid="uid://my8phuxsykfv" path="res://addons/assets/assets_perso/cb_arbre/arbre3.tscn" id="14_ugh2x"]
[ext_resource type="PackedScene" uid="uid://ba6bjq37aluhw" path="res://addons/assets/assets_perso/cb_rock/rock1.tscn" id="15_0p3o7"]
[ext_resource type="PackedScene" uid="uid://iac4tle0jiam" path="res://addons/assets/assets_perso/cb_arbre/arbre2.tscn" id="15_ugh2x"]
[ext_resource type="PackedScene" uid="uid://c6fwn0ffb6ou8" path="res://addons/assets/assets_perso/cb_rock/rock2.tscn" id="16_br70l"]
[ext_resource type="PackedScene" uid="uid://6od71toy8ldh" path="res://addons/assets/assets_perso/cb_rock/rock.tscn" id="17_cqrjd"]

[sub_resource type="ProceduralSkyMaterial" id="ProceduralSkyMaterial_bc8hh"]
sky_top_color = Color(0.329859, 0.438094, 0.698075, 1)
sky_horizon_color = Color(0.627901, 0.659306, 0.734773, 1)
ground_bottom_color = Color(0.156935, 0.174322, 0.216206, 1)
ground_horizon_color = Color(0.627901, 0.659306, 0.734773, 1)

[sub_resource type="Sky" id="Sky_r6dh1"]
sky_material = SubResource("ProceduralSkyMaterial_bc8hh")

[sub_resource type="Environment" id="Environment_h8l20"]
background_mode = 2
sky = SubResource("Sky_r6dh1")
tonemap_mode = 2

[sub_resource type="StandardMaterial3D" id="StandardMaterial3D_aw23n"]
albedo_color = Color(0.181856, 0.266558, 4.81308e-08, 1)

[sub_resource type="BoxShape3D" id="BoxShape3D_7i66n"]
size = Vector3(6.40388, 4.57825, 5.00495)

[sub_resource type="BoxShape3D" id="BoxShape3D_w1hm1"]
size = Vector3(3.18127, 1.53711, 3.48535)

[node name="Jeu" type="Node3D"]
transform = Transform3D(0.999821, -0.0154088, -0.0110217, 0.0154228, 0.99988, 0.00119482, 0.011002, -0.0013646, 0.999939, 0, 0, 0)

[node name="WorldEnvironment" type="WorldEnvironment" parent="."]
environment = SubResource("Environment_h8l20")

[node name="DirectionalLight3D" type="DirectionalLight3D" parent="."]
transform = Transform3D(-0.0975829, -0.886754, 0.451824, 0, 0.453991, 0.891006, -0.995227, 0.086947, -0.0443018, 0, 23.2255, 0)
light_energy = 1.5
shadow_enabled = true

[node name="Player" parent="." instance=ExtResource("1_322si")]
transform = Transform3D(1, 3.36968e-09, 6.51926e-09, 3.42243e-09, 1, 2.32831e-10, -6.51926e-09, 1.16415e-10, 1, 5.72584, 1.772, -0.0607914)

[node name="Terrain de base" type="CSGBox3D" parent="."]
transform = Transform3D(999.998, 0.00150539, 1.33145, -1.50617, 0.999999, 0.579913, -1.33057, -0.000581917, 999.999, 0, 0, 0)
material_overlay = SubResource("StandardMaterial3D_aw23n")
use_collision = true
size = Vector3(500, 1, 500)

[node name="house72" parent="." instance=ExtResource("2_nc8l6")]
transform = Transform3D(-0.103136, 0.0032004, 1.99733, 0.00340727, 1.99999, -0.00302871, -1.99733, 0.00324655, -0.103141, -5.8002, 2.38509, 0.748131)

[node name="bench_0012" parent="house72" instance=ExtResource("4_74b5l")]
transform = Transform3D(0.499801, 1.45519e-11, 0.0141264, 2.91038e-11, 0.5, 4.54747e-10, -0.0141264, -3.2469e-10, 0.499801, 2.20433, -0.720423, 2.37546)

[node name="Plant_4" parent="house72" instance=ExtResource("8_owqt4")]
transform = Transform3D(0.211874, -0.000142545, -0.452891, -0.00620146, 0.499954, -0.00305858, 0.452849, 0.0069133, 0.211852, -1.15234, -1.01766, 2.74596)

[node name="Plant_5" parent="house72" instance=ExtResource("8_owqt4")]
transform = Transform3D(-0.00743957, -0.0145393, -0.499734, -0.01954, 0.499417, -0.0142391, 0.499564, 0.0193178, -0.00799909, 1.11013, -1.01508, 2.60594)

[node name="Grass_5" parent="house72" instance=ExtResource("12_ugh2x")]
transform = Transform3D(-0.249386, -7.12793e-05, 0.0175244, 0.000171204, 0.249977, 0.00345312, -0.0175238, 0.00345663, -0.249362, 2.90326, -1.09702, -0.787896)

[node name="Rock_1" parent="house72" instance=ExtResource("10_w1hm1")]
transform = Transform3D(-0.0405781, -0.000285127, -0.999181, -0.0138267, 0.999906, 0.000276191, 0.999083, 0.0138265, -0.0405784, -4.8918, -0.996666, 4.94799)

[node name="Grass_2" parent="house72" instance=ExtResource("12_ugh2x")]
transform = Transform3D(-0.0101445, -7.12818e-05, -0.249795, -0.00345667, 0.249977, 6.90469e-05, 0.249771, 0.00345663, -0.0101446, -0.365057, -1.07459, -2.47726)

[node name="Grass_4" parent="house72" instance=ExtResource("12_ugh2x")]
transform = Transform3D(-0.0101445, -7.12818e-05, -0.249795, -0.00345667, 0.249977, 6.90464e-05, 0.249771, 0.00345663, -0.0101446, 2.95352, -1.0799, -2.02537)

[node name="Grass_6" parent="house72" instance=ExtResource("12_ugh2x")]
transform = Transform3D(-0.249386, -7.12793e-05, 0.0175244, 0.000171204, 0.249977, 0.00345312, -0.0175238, 0.00345663, -0.249362, 2.89975, -1.09822, -0.701645)

[node name="Grass_7" parent="house72" instance=ExtResource("12_ugh2x")]
transform = Transform3D(-0.249386, -7.12793e-05, 0.0175244, 0.000171204, 0.249977, 0.00345312, -0.0175238, 0.00345663, -0.249362, 2.89524, -1.09975, -0.590537)

[node name="Grass_8" parent="house72" instance=ExtResource("12_ugh2x")]
transform = Transform3D(-0.249386, -7.12793e-05, 0.0175244, 0.000171204, 0.249977, 0.00345312, -0.0175238, 0.00345663, -0.249362, 2.89033, -1.10143, -0.469646)

[node name="Grass_9" parent="house72" instance=ExtResource("12_ugh2x")]
transform = Transform3D(0.15697, -7.12776e-05, 0.194579, 0.00273509, 0.249977, -0.00211486, -0.19456, 0.00345663, 0.156955, -1.51958, -1.07421, -2.52892)

[node name="Grass_10" parent="house72" instance=ExtResource("12_ugh2x")]
transform = Transform3D(0.15697, -7.12776e-05, 0.194579, 0.00273509, 0.249977, -0.00211486, -0.19456, 0.00345663, 0.156955, 1.45656, -1.07364, -2.50842)

[node name="Grass_11" parent="house72" instance=ExtResource("12_ugh2x")]
transform = Transform3D(0.178937, -7.12806e-05, -0.174591, -0.00236295, 0.249977, -0.00252385, 0.174575, 0.00345663, 0.17892, -2.96159, -1.08017, -2.12793)

[node name="Grass_12" parent="house72" instance=ExtResource("12_ugh2x")]
transform = Transform3D(0.0815554, -7.12771e-05, 0.236324, 0.00329078, 0.249977, -0.00106025, -0.236301, 0.00345663, 0.0815488, -2.94061, -1.08838, -1.53358)

[node name="Grass_13" parent="house72" instance=ExtResource("12_ugh2x")]
transform = Transform3D(0.0815554, -7.12771e-05, 0.236324, 0.00329078, 0.249977, -0.00106025, -0.236301, 0.00345663, 0.0815488, -2.98108, -1.10649, -0.224883)

[node name="Grass_15" parent="house72" instance=ExtResource("12_ugh2x")]
transform = Transform3D(0.248101, -7.12781e-05, 0.0307681, 0.000496147, 0.249977, -0.00342158, -0.0307641, 0.00345663, 0.248077, -2.98813, -1.10889, -0.0514259)

[node name="Grass_16" parent="house72" instance=ExtResource("12_ugh2x")]
transform = Transform3D(0.248101, -7.12781e-05, 0.0307681, 0.000496147, 0.249977, -0.00342158, -0.0307641, 0.00345663, 0.248077, -2.99255, -1.11039, 0.057524)

[node name="Grass_17" parent="house72" instance=ExtResource("12_ugh2x")]
transform = Transform3D(0.142038, -7.12811e-05, -0.205732, -0.00280405, 0.249977, -0.00202254, 0.205713, 0.00345663, 0.142024, -2.95457, -1.11775, 0.590091)

[node name="Grass_18" parent="house72" instance=ExtResource("12_ugh2x")]
transform = Transform3D(-0.216833, -7.12823e-05, -0.124435, -0.00178231, 0.249977, 0.00296256, 0.124422, 0.00345663, -0.216813, -2.9605, -1.11977, 0.736122)

[node name="Grass_14" parent="house72" instance=ExtResource("12_ugh2x")]
transform = Transform3D(0.186469, -7.12811e-05, -0.166522, -0.00224924, 0.249977, -0.00262569, 0.166507, 0.00345663, 0.186451, -2.98163, -1.11192, 0.168017)

[node name="Flowers" parent="house72" instance=ExtResource("13_w1hm1")]
transform = Transform3D(-0.0202891, -0.000142565, -0.499589, -0.00691334, 0.499954, 0.000138099, 0.499542, 0.0069133, -0.0202891, 2.9594, -1.16591, 1.33922)

[node name="Flowers11" parent="house72" instance=ExtResource("13_w1hm1")]
transform = Transform3D(-0.105538, -0.00014256, 0.488736, 0.00672738, 0.499954, 0.00159856, -0.48869, 0.0069132, -0.105526, 2.97914, -1.17456, 1.96508)

[node name="Flowers2" parent="house72" instance=ExtResource("13_w1hm1")]
transform = Transform3D(-0.482916, -0.000142598, -0.12959, -0.00192945, 0.499954, 0.00664007, 0.129576, 0.00691325, -0.48287, 2.97481, -1.16066, 0.959749)

[node name="Flowers3" parent="house72" instance=ExtResource("13_w1hm1")]
transform = Transform3D(-0.401047, -0.000142593, 0.2986, 0.00401425, 0.499954, 0.0056302, -0.298574, 0.00691325, -0.401008, 3.00291, -1.15108, 0.267994)

[node name="Flowers4" parent="house72" instance=ExtResource("13_w1hm1")]
transform = Transform3D(0.339224, -0.00014253, -0.367325, -0.0049821, 0.499954, -0.00479498, 0.367292, 0.0069133, 0.33919, 3.00855, -1.14916, 0.129226)

[node name="Flowers5" parent="house72" instance=ExtResource("13_w1hm1")]
transform = Transform3D(0.339224, -0.00014253, -0.367325, -0.0049821, 0.499954, -0.00479498, 0.367292, 0.0069133, 0.33919, 3.04678, -1.13014, -1.24561)

[node name="Flowers6" parent="house72" instance=ExtResource("13_w1hm1")]
transform = Transform3D(-0.292114, -0.00014258, 0.405796, 0.00552742, 0.499954, 0.00415457, -0.405758, 0.0069132, -0.292084, 3.06509, -1.1239, -1.69647)

[node name="Flowers7" parent="house72" instance=ExtResource("13_w1hm1")]
transform = Transform3D(0.423884, -0.000142525, -0.265187, -0.00354575, 0.499954, -0.0059364, 0.265163, 0.0069133, 0.423842, 3.02891, -1.11545, -2.3083)

[node name="Flowers8" parent="house72" instance=ExtResource("13_w1hm1")]
transform = Transform3D(0.423884, -0.000142525, -0.265187, -0.00354575, 0.499954, -0.0059364, 0.265163, 0.0069133, 0.423842, -3.02763, -1.13855, -0.76252)

[node name="Flowers9" parent="house72" instance=ExtResource("13_w1hm1")]
transform = Transform3D(0.00482202, -0.00014255, 0.499978, 0.0069143, 0.499954, 7.58658e-05, -0.49993, 0.0069132, 0.00482392, -2.95789, -1.16819, 1.38249)

[node name="Flowers10" parent="house72" instance=ExtResource("13_w1hm1")]
transform = Transform3D(0.00482202, -0.00014255, 0.499978, 0.0069143, 0.499954, 7.58658e-05, -0.49993, 0.0069132, 0.00482392, -1.97073, -1.17793, 2.10724)

[node name="Grass_3" parent="house72" instance=ExtResource("12_ugh2x")]
transform = Transform3D(0.0660213, -7.12773e-05, 0.241126, 0.00335274, 0.249977, -0.000844102, -0.241102, 0.00345663, 0.0660164, -1.03665, -1.0745, -2.49767)

[node name="StaticBody3D" type="StaticBody3D" parent="house72"]

[node name="CollisionShape3D" type="CollisionShape3D" parent="house72/StaticBody3D"]
transform = Transform3D(1, 7.21775e-09, 5.17815e-07, 2.1013e-08, 1, -1.15506e-10, 0, -1.44018e-07, 1, 0.0370045, 1.66055, -0.111396)
shape = SubResource("BoxShape3D_7i66n")

[node name="cart2" parent="." instance=ExtResource("3_80opa")]
transform = Transform3D(0.682456, 0.0016002, 0.730922, 9.44277e-05, 0.999995, -0.00227744, -0.730924, 0.00162328, 0.682455, 3.67062, 1.58593, 8.07073)

[node name="Rock_7" parent="cart2" instance=ExtResource("9_7i66n")]
transform = Transform3D(0.69039, 0.00974657, -0.723373, -0.0138267, 0.999907, 0.000276197, 0.723306, 0.00981122, 0.690459, 0.0786762, -0.883921, 1.57806)

[node name="WoodLog" parent="cart2" instance=ExtResource("11_fcrjq")]
transform = Transform3D(0.113168, -0.311117, -0.943611, 0.146284, 0.944582, -0.293892, 0.982749, -0.104777, 0.152409, -0.21868, 0.0510403, 0.0780582)

[node name="StaticBody3D" type="StaticBody3D" parent="cart2"]

[node name="CollisionShape3D" type="CollisionShape3D" parent="cart2/StaticBody3D"]
transform = Transform3D(1, 5.82077e-08, 2.98023e-08, 2.80852e-09, 1, 3.64933e-07, -4.47035e-07, 5.78482e-07, 1, -0.446596, 0.268554, 0.670414)
shape = SubResource("BoxShape3D_w1hm1")

[node name="Arbre" parent="." instance=ExtResource("14_fcrjq")]
transform = Transform3D(0.99982, 0.0154229, 0.011002, -0.0154087, 0.999881, -0.00136459, -0.0110217, 0.00119483, 0.999938, 13.9348, 0.142563, 3.0733)

[node name="Arbre2" parent="." instance=ExtResource("15_ugh2x")]
transform = Transform3D(0.977793, 0.0150831, 0.0107596, -0.0150692, 0.977853, -0.00133453, -0.0107789, 0.00116851, 0.977909, 15.697, 0.536192, -2.1109)

[node name="Arbre4" parent="." instance=ExtResource("13_fcrjq")]
transform = Transform3D(0.99982, 0.0154229, 0.011002, -0.0154087, 0.999881, -0.00136459, -0.0110217, 0.00119483, 0.999938, 7.05236, 0.110882, -9.53823)

[node name="Arbre3" parent="." instance=ExtResource("14_ugh2x")]
transform = Transform3D(0.99982, 0.0154229, 0.011002, -0.0154087, 0.999881, -0.00136459, -0.0110217, 0.00119483, 0.999938, 11.6224, 0.299463, -6.807)

[node name="Rock1" parent="." instance=ExtResource("15_0p3o7")]
transform = Transform3D(0.99982, 0.0154229, 0.011002, -0.0154087, 0.999881, -0.00136459, -0.0110217, 0.00119483, 0.999938, 1.65072, 0.558117, -14.0885)

[node name="Rock2" parent="." instance=ExtResource("16_br70l")]
transform = Transform3D(0.99982, 0.0154229, 0.011002, -0.0154087, 0.999881, -0.00136459, -0.0110217, 0.00119483, 0.999938, -0.265025, 0.586988, -15.0415)

[node name="Rock" parent="." instance=ExtResource("17_cqrjd")]
transform = Transform3D(0.99982, 0.0154229, 0.011002, -0.0154087, 0.999881, -0.00136459, -0.0110217, 0.00119483, 0.999938, -1.83993, 0.801951, -15.8238)
